camera_matrix:
- [1542.3697387062327, 0.0, 675.9860714668341]
- [0.0, 1555.791342886987, 317.5336359648386]
- [0.0, 0.0, 1.0]
dist_coeff:
- [0.19844243182032154, -0.45223410472877457, -0.024360521005588137, 0.009062941464288434,
  0.3234207685897591]
