camera_matrix:
- [660.4877362875116, 0.0, 319.9352808984191]
- [0.0, 662.1916283790707, 242.26812046328874]
- [0.0, 0.0, 1.0]
dist_coeff:
- [0.021834981624554755, -0.0009925563908607295, -0.0035551845948446474, -0.0036785219760679198,
  -0.45484873934719616]
